</var/ftp/usrflash/Project/PMAC Script Language/Libraries/timer.pmc>,100000
0,6
1,7
2,8
3,12
4,13
5,14
6,15
<end>
</var/ftp/usrflash/Project/PMAC Script Language/Libraries/EcatMotorHome.pmc>,100001
0,3
1,4
2,5
3,6
4,7
5,8
6,9
7,10
8,11
9,12
10,13
11,14
12,15
13,16
14,18
15,19
16,20
17,21
18,22
19,23
20,24
21,25
22,26
23,27
24,28
25,29
26,30
27,31
28,32
29,33
30,34
31,35
32,36
33,37
34,39
35,40
36,41
37,42
38,43
39,45
40,46
41,47
42,48
43,49
44,50
45,51
46,52
47,53
48,54
49,55
50,56
51,57
52,58
53,59
54,61
55,62
56,63
57,64
58,65
59,66
60,67
61,68
62,69
63,70
64,71
65,73
66,74
67,75
68,76
69,77
70,78
71,79
72,80
73,81
74,82
75,83
76,84
77,85
78,86
79,87
80,88
81,89
82,90
83,91
84,92
85,93
86,94
87,95
88,96
89,97
90,98
91,99
92,100
93,101
94,102
95,103
96,104
97,105
98,106
99,107
100,108
101,109
102,110
103,111
104,113
105,114
106,115
107,116
108,118
109,120
110,122
111,123
112,124
113,125
114,126
115,127
116,128
117,129
118,130
119,131
120,132
121,133
122,134
123,135
124,136
125,138
126,139
127,140
128,141
129,142
130,143
131,144
132,145
133,146
134,147
135,148
136,149
137,150
138,151
139,152
140,153
141,154
142,155
143,156
144,157
145,158
146,159
147,160
148,162
149,163
150,164
151,165
152,166
153,167
154,168
155,169
156,170
157,171
158,172
159,173
160,174
161,176
162,177
163,178
164,179
165,181
166,183
167,184
168,186
169,187
170,188
171,189
172,190
173,191
174,192
<end>
</var/ftp/usrflash/Project/PMAC Script Language/Libraries/ElmoMotorHome.pmc>,100002
0,3
1,4
2,5
3,6
4,7
5,8
6,9
7,10
8,11
9,12
10,13
11,14
12,15
13,16
14,18
15,19
16,20
17,21
18,22
19,23
20,24
21,25
22,26
23,27
24,28
25,29
26,30
27,31
28,32
29,33
30,34
31,35
32,36
33,37
34,39
35,40
36,41
37,42
38,43
39,45
40,46
41,47
42,48
43,49
44,50
45,51
46,52
47,53
48,54
49,55
50,56
51,57
52,58
53,59
54,61
55,62
56,64
57,65
58,67
59,68
60,69
61,70
62,71
63,72
64,74
65,75
66,76
67,77
68,78
69,79
70,80
71,81
72,82
73,83
74,84
75,85
76,86
77,87
78,88
79,90
80,91
81,92
82,93
83,94
84,95
85,96
86,97
87,98
88,99
89,100
90,101
91,102
92,103
93,104
94,105
95,106
96,107
97,108
98,109
99,110
100,111
101,112
102,114
103,115
104,116
105,117
106,118
107,119
108,120
109,121
110,122
111,123
112,124
113,125
114,126
115,128
116,129
117,130
118,131
119,133
120,135
121,136
122,138
123,139
124,140
125,141
126,142
127,143
128,144
<end>
</var/ftp/usrflash/Project/PMAC Script Language/Libraries/DSMotorHome.pmc>,100003
0,3
1,4
2,5
3,6
4,7
5,8
6,9
7,10
8,11
9,13
10,14
11,16
12,17
13,18
14,19
15,20
16,21
17,23
18,24
19,25
20,26
21,27
22,29
23,30
24,31
25,32
26,33
27,34
28,35
29,36
30,37
31,38
32,39
33,40
34,41
35,42
36,43
37,45
38,46
39,47
40,48
41,49
42,50
43,51
44,52
45,53
46,54
47,55
48,56
49,57
50,58
51,59
52,60
53,61
54,62
55,64
56,65
57,66
58,67
59,68
60,70
61,71
62,72
63,73
64,74
65,75
66,76
67,77
68,78
69,79
70,80
71,81
72,82
73,83
74,84
75,86
76,87
77,88
78,89
79,90
80,91
81,93
82,94
83,95
84,96
85,97
86,98
87,99
88,100
89,101
90,102
91,103
92,104
93,105
94,106
95,107
96,108
97,110
98,111
99,112
100,113
101,114
102,115
103,116
104,117
105,118
106,119
107,120
108,121
109,122
110,124
111,125
112,126
113,127
114,128
115,130
116,131
117,133
118,134
119,135
120,136
<end>
</var/ftp/usrflash/Project/PMAC Script Language/Libraries/JiazhuaHome.pmc>,100004
0,3
1,4
2,5
3,6
4,7
5,8
6,9
7,10
8,11
9,12
10,13
11,14
12,15
13,16
14,17
15,18
16,19
17,20
18,21
19,23
20,24
21,26
22,27
23,28
24,29
25,30
26,32
27,33
28,34
29,35
30,36
31,37
32,38
33,39
34,40
35,41
36,42
37,43
38,44
39,45
40,46
41,48
42,50
43,52
44,54
45,56
46,57
47,58
48,59
49,60
50,61
51,62
52,63
53,64
54,65
55,66
56,67
57,68
58,69
59,70
60,71
61,73
62,74
63,75
64,76
65,77
66,78
67,79
68,80
69,81
70,82
71,83
72,84
73,85
74,87
75,88
76,89
77,90
78,92
79,94
80,95
81,96
82,97
<end>
</var/ftp/usrflash/Project/PMAC Script Language/PLC Programs/ECATEnablePLC.plc>,1
0,4
1,6
2,7
3,8
4,9
5,10
6,11
7,12
8,14
9,15
10,16
11,17
12,18
13,19
14,20
15,21
16,22
17,23
18,24
19,25
20,26
21,27
22,28
23,29
24,30
25,31
26,32
27,33
28,35
29,36
30,37
31,40
32,41
33,42
34,43
35,44
36,45
37,46
38,47
<end>
</var/ftp/usrflash/Project/PMAC Script Language/PLC Programs/HomingPLC.plc>,2
0,6
1,7
2,8
3,9
4,10
5,11
6,12
7,13
8,14
9,15
10,16
11,17
12,18
13,19
14,20
15,21
16,22
17,23
18,24
19,25
20,26
21,27
22,28
23,29
24,30
25,31
26,32
27,33
28,34
29,35
30,36
31,37
32,38
33,39
34,40
35,41
36,42
37,43
38,44
39,45
40,46
41,47
42,48
43,49
44,50
45,51
46,52
47,53
48,54
49,55
50,56
51,57
52,58
53,59
54,60
55,61
56,62
57,63
58,64
59,65
60,66
61,67
62,68
63,69
64,70
65,71
66,72
67,73
68,74
69,76
70,77
71,78
72,79
73,80
74,81
75,82
76,83
77,84
78,86
79,87
80,88
81,89
82,90
83,92
84,93
85,94
86,95
87,96
88,98
89,99
90,100
91,101
92,102
93,104
94,105
95,107
96,108
97,109
98,111
99,113
100,114
<end>
