</var/ftp/usrflash/Project/PMAC Script Language/Libraries/subprog1.pmc>,100000
0,5
<end>
</var/ftp/usrflash/Project/PMAC Script Language/Libraries/timer.pmc>,100001
0,6
1,7
2,8
3,12
4,13
5,14
6,15
<end>
</var/ftp/usrflash/Project/PMAC Script Language/Libraries/EcatMotorHome.pmc>,100002
0,3
1,4
2,5
3,6
4,7
5,8
6,9
7,10
8,11
9,12
10,13
11,14
12,15
13,16
14,18
15,19
16,20
17,21
18,22
19,23
20,24
21,25
22,26
23,27
24,28
25,29
26,30
27,31
28,32
29,33
30,34
31,35
32,36
33,37
34,39
35,40
36,41
37,42
38,43
39,45
40,46
41,47
42,48
43,49
44,50
45,51
46,52
47,53
48,54
49,55
50,56
51,57
52,58
53,59
54,61
55,62
56,63
57,64
58,65
59,66
60,67
61,68
62,69
63,70
64,71
65,73
66,74
67,75
68,76
69,77
70,78
71,79
72,80
73,81
74,82
75,83
76,84
77,85
78,86
79,87
80,88
81,89
82,90
83,91
84,92
85,93
86,94
87,95
88,96
89,97
90,98
91,99
92,100
93,101
94,102
95,103
96,104
97,105
98,106
99,107
100,108
101,109
102,110
103,111
104,113
105,114
106,115
107,116
108,118
109,120
110,122
111,123
112,124
113,125
114,126
115,127
116,128
117,129
118,130
119,131
120,132
121,133
122,134
123,135
124,136
125,138
126,139
127,140
128,141
129,142
130,143
131,144
132,145
133,146
134,147
135,148
136,149
137,150
138,151
139,152
140,153
141,154
142,155
143,156
144,158
145,159
146,160
147,161
148,162
149,163
150,164
151,165
152,166
153,167
154,168
155,169
156,170
157,172
158,173
159,174
160,175
161,177
162,179
163,180
164,182
165,183
166,184
167,185
168,186
169,187
170,188
<end>
</var/ftp/usrflash/Project/PMAC Script Language/Libraries/ElmoMotorHome.pmc>,100003
0,3
1,4
2,5
3,6
4,7
5,8
6,9
7,10
8,11
9,12
10,13
11,14
12,15
13,16
14,18
15,19
16,20
17,21
18,22
19,23
20,24
21,25
22,26
23,27
24,28
25,29
26,30
27,31
28,32
29,33
30,34
31,35
32,36
33,37
34,39
35,40
36,41
37,42
38,43
39,45
40,46
41,47
42,48
43,49
44,50
45,51
46,52
47,53
48,54
49,55
50,56
51,57
52,58
53,59
54,61
55,62
56,64
57,65
58,67
59,68
60,69
61,70
62,71
63,72
64,74
65,75
66,76
67,77
68,78
69,79
70,80
71,81
72,82
73,83
74,84
75,85
76,86
77,87
78,88
79,90
80,91
81,92
82,93
83,94
84,95
85,96
86,97
87,98
88,99
89,100
90,101
91,102
92,103
93,104
94,105
95,106
96,107
97,108
98,110
99,111
100,112
101,113
102,114
103,115
104,116
105,117
106,118
107,119
108,120
109,121
110,122
111,124
112,125
113,126
114,127
115,129
116,131
117,132
118,134
119,135
120,136
121,137
122,138
123,139
124,140
<end>
</var/ftp/usrflash/Project/PMAC Script Language/PLC Programs/ECATEnablePLC.plc>,1
0,4
1,6
2,7
3,8
4,9
5,10
6,11
7,12
8,14
9,15
10,16
11,17
12,18
13,19
14,20
15,21
16,22
17,23
18,24
19,25
20,26
21,27
22,28
23,29
24,30
25,31
26,32
27,33
28,35
29,36
30,37
31,40
32,41
33,42
34,43
35,44
36,45
37,46
38,47
<end>
</var/ftp/usrflash/Project/PMAC Script Language/PLC Programs/plc1.plc>,2
0,2
1,3
2,4
3,5
4,6
5,7
6,8
7,9
8,10
9,11
10,12
11,13
12,14
13,15
14,16
15,17
16,18
17,19
18,20
19,21
20,22
21,23
22,24
23,25
24,26
25,27
26,28
27,29
28,30
29,31
30,32
31,33
32,34
33,35
34,36
35,37
36,38
37,39
38,40
39,41
40,43
41,44
42,45
43,47
44,48
45,49
46,51
47,52
48,53
49,55
50,56
51,57
52,59
53,60
54,61
55,63
56,64
57,65
58,67
59,68
60,69
61,71
62,72
63,73
64,75
65,76
66,77
67,79
68,80
69,81
70,83
71,84
72,85
73,88
74,90
75,91
76,93
77,94
78,95
79,97
80,99
81,100
<end>
